20 50 0.001
101 1 1 1 1 0 1 0 0 0 0 1 0 1 0 0 1 1 1 0 0
0 100 0 1 1 1 0 0 1 1 0 1 1 1 0 1 1 1 0 1 0
0 1 101 1 0 0 1 1 1 1 1 1 0 1 0 0 1 1 1 0 0
0 0 0 101 0 1 0 1 0 0 0 1 0 1 1 0 0 1 1 1 3
1 1 1 1 101 0 0 0 0 1 0 1 0 1 1 0 1 1 1 1 2
0 0 1 0 0 100 1 1 0 0 1 1 1 1 0 0 0 1 1 0 0
1 0 1 1 0 1 101 0 1 1 0 0 0 1 0 1 0 0 0 1 0
0 1 0 0 1 0 0 101 1 1 0 0 0 1 1 0 0 0 1 0 3
1 0 0 0 1 0 0 0 101 1 1 1 0 1 0 1 0 1 0 0 2
0 1 0 1 0 0 0 1 0 100 0 1 0 1 1 0 0 1 0 1 2
0 1 1 0 0 0 1 1 1 0 101 1 1 1 1 1 0 0 0 0 0
0 0 1 1 0 0 1 0 0 0 1 101 1 0 0 1 1 1 1 0 0
1 1 1 0 0 0 0 0 0 1 1 1 101 0 0 1 0 0 0 0 4
1 0 1 0 1 0 0 0 0 0 1 1 1 101 0 1 0 1 1 1 0
1 1 1 0 1 1 0 0 0 1 0 0 1 0 100 1 0 1 0 0 4
0 1 0 1 1 0 1 1 0 1 0 0 0 1 0 100 1 1 0 1 3
1 0 1 0 1 1 0 0 1 1 1 0 0 1 1 0 101 0 0 1 0
0 1 1 0 1 1 0 0 1 1 0 0 0 1 0 1 0 101 0 1 1
0 1 1 0 0 0 1 0 1 0 0 1 0 0 1 0 0 1 101 0 1
1 0 1 0 0 1 0 0 0 1 1 0 1 1 0 1 0 1 0 101 4

